  62  96 3
  17  28 3
  39   6 3
  57  94 3
  43  96 3
  75  64 3
  36  44 3
  39  19 3
  80  57 3
  67  55 3
 100  42 3
  87  48 3
  52   8 3
   1  69 3
  79  32 3
  90  11 3
  91  30 3
  25  95 3
  83  92 3
  81  96 3
  59  17 3
  87  69 3
  48  69 3
  20  39 3
  55  80 3
  55  23 3
  66  82 3
  88  34 3
  80  86 3
  65  47 3
  90  79 3
  69  81 3
  75  16 3
  40  98 3
  21  11 3
  90  66 3
   1  47 3
  40  85 3
  96  75 3
  24  50 3
  33  48 3
  89  79 3
  99  54 3
  78  31 3
  71  38 3
  57  15 3
  76  22 3
  16  54 3
  43  12 3
  57   4 3
