9,2,9,15,7,11,10,2,6,13,11,12,8,4,7,8,6,17,3,16,15,6,12,13,6,13,11,6,3,6,196
3,4,16,15,19,7,15,2,5,18,4,3,5,15,14,9,5,5,17,4,15,11,13,7,15,15,15,2,11,20,209
3,18,11,16,20,18,17,2,17,5,3,13,20,2,11,7,5,14,3,18,8,16,14,16,16,14,1,4,18,13,307
1,3,4,6,19,19,13,19,12,6,20,9,2,16,16,11,10,14,10,16,3,18,12,19,5,3,14,8,19,4,273
12,9,14,11,7,6,12,11,4,14,6,4,13,12,6,6,12,8,19,13,1,8,5,1,13,20,4,14,19,20,214
16,7,14,11,8,1,13,16,2,19,11,20,6,3,15,10,9,1,11,1,16,17,1,6,11,4,4,10,17,20,215
5,15,11,4,12,5,17,10,18,16,12,19,11,9,13,10,8,2,14,8,15,12,9,5,5,13,13,20,12,10,260
3,4,18,18,2,18,11,15,10,1,10,6,12,17,15,8,3,9,20,7,9,6,5,8,13,7,2,11,17,9,230
5,18,16,10,2,19,10,4,1,1,17,13,18,18,18,6,17,17,7,3,3,9,14,19,19,3,18,9,5,14,285
14,8,1,16,1,20,5,7,3,16,10,9,12,5,8,20,10,15,19,6,13,19,11,13,1,9,18,11,9,10,260
9,20,2,15,19,11,18,17,18,18,16,4,20,18,13,8,9,5,4,19,1,5,12,18,18,8,11,10,5,4,319
2,2,20,18,10,15,16,18,5,20,1,20,11,6,3,14,4,20,1,1,14,18,19,6,13,4,7,11,13,2,296
17,14,4,17,13,8,17,12,9,20,20,3,13,3,13,7,19,13,3,11,12,7,13,7,2,15,12,9,9,1,261
18,15,1,2,12,11,11,1,12,4,6,15,14,9,16,4,19,20,4,3,10,2,9,7,17,7,6,7,14,5,224
11,9,19,9,18,9,4,9,12,11,12,8,9,10,11,14,13,4,19,17,16,17,15,7,12,7,16,11,2,2,285
3,9,2,17,4,15,12,4,14,7,1,15,12,17,7,7,17,15,19,5,14,14,7,6,12,18,20,9,2,15,287
16,2,6,7,11,17,5,1,1,11,13,1,19,8,1,14,16,13,4,20,15,7,18,9,15,3,9,16,15,10,216
4,8,11,20,6,9,17,5,13,4,20,8,12,14,5,18,7,2,11,20,5,7,11,3,12,9,12,7,1,17,236
2,10,11,1,11,1,17,3,3,11,6,18,1,5,18,1,7,11,10,5,6,13,5,3,12,10,2,5,13,20,154
20,3,8,19,11,12,8,20,10,2,1,16,14,13,20,13,6,4,8,12,15,5,6,19,6,11,15,8,19,6,238
2,8,15,8,1,14,4,16,1,1,2,16,14,11,18,5,6,8,20,19,1,9,9,17,6,7,15,19,4,10,246
13,3,6,14,16,3,15,5,9,19,16,16,6,3,6,9,12,11,19,15,8,5,6,12,11,5,3,18,6,2,255
1,15,5,6,18,3,17,10,18,4,19,14,13,6,14,10,9,14,19,15,15,9,20,11,4,5,15,15,16,3,266
20,13,18,16,17,12,2,20,8,13,6,5,14,18,12,15,9,17,11,12,2,1,5,18,4,11,7,19,14,18,233
9,7,6,19,19,12,20,4,1,12,15,18,19,16,15,11,18,19,19,3,18,17,6,1,3,7,6,14,13,5,277
11,13,6,2,12,9,19,16,16,17,20,16,2,1,20,14,4,12,3,1,7,13,9,15,4,1,9,3,3,13,210
13,12,1,5,11,4,2,10,1,12,6,9,8,8,19,3,5,4,15,3,18,6,6,10,18,10,14,5,2,3,207
5,3,6,6,4,9,6,5,3,2,15,2,11,15,7,1,16,17,16,18,13,16,1,10,15,13,2,15,6,19,213
6,16,2,9,14,2,4,20,2,3,13,9,18,12,7,7,2,15,20,17,4,13,15,15,13,3,17,14,1,18,256
3,19,19,16,7,3,1,12,20,18,6,16,1,11,1,8,6,2,2,20,7,11,8,10,7,8,3,10,14,20,232
16,10,8,4,9,15,13,7,15,10,4,18,5,18,13,18,17,10,10,1,9,1,19,13,4,19,7,15,9,9,254
3,1,12,17,8,1,8,3,2,11,19,4,5,4,6,4,7,20,6,4,11,6,10,7,10,14,16,5,19,16,223
2,4,16,5,3,7,18,13,10,5,3,7,10,8,8,6,9,17,11,9,13,8,9,1,14,11,12,10,6,11,176
1,18,18,15,4,11,5,17,2,13,17,19,4,18,11,20,14,12,7,12,18,5,4,11,1,18,3,11,8,5,263
17,11,12,8,11,2,7,3,14,20,2,9,10,8,4,6,6,13,7,17,16,17,13,6,2,15,4,16,5,3,238
14,10,2,4,11,12,20,19,3,20,8,16,8,16,9,11,5,9,16,20,17,9,8,2,12,7,10,16,20,2,242
9,6,4,18,12,1,7,15,4,20,2,12,16,7,12,12,20,3,14,14,5,8,20,4,9,2,4,1,17,13,246
4,1,2,13,17,7,16,10,3,5,10,2,7,10,12,14,5,9,11,19,4,10,15,6,11,1,9,4,5,2,183
12,16,8,1,14,6,1,12,7,12,1,3,9,17,13,4,11,13,1,3,10,3,9,12,14,6,1,9,10,4,177
12,13,8,7,10,9,17,6,12,11,9,4,17,14,11,11,13,14,20,6,9,18,11,20,15,2,14,13,17,13,331
5,10,11,16,13,19,1,20,6,2,19,1,11,11,4,18,13,4,5,15,18,17,5,11,12,13,10,7,8,14,237
1,5,12,10,6,10,18,13,2,11,7,10,2,1,5,14,20,8,9,12,9,15,9,15,4,4,5,11,7,20,226
20,14,17,20,13,14,11,19,13,17,13,2,18,4,14,4,16,10,3,2,14,17,8,20,12,16,10,1,15,2,305
3,20,10,9,12,16,5,13,9,12,15,1,12,3,19,17,20,13,11,4,10,19,12,18,6,12,17,2,11,9,273
7,9,15,5,18,11,20,6,7,2,10,10,6,3,18,5,17,9,1,6,20,14,3,4,6,10,13,5,12,11,277
16,10,2,20,14,18,17,7,5,16,1,5,12,15,20,3,11,17,9,17,7,20,2,2,9,12,9,2,18,2,226
19,10,13,11,5,14,11,10,8,11,20,17,6,6,13,10,9,16,14,10,11,13,13,9,18,18,10,3,1,4,267
3,15,19,14,19,10,7,9,16,5,12,10,16,6,8,8,6,9,10,13,4,1,14,5,6,5,15,12,14,9,231
1,4,11,17,2,17,12,8,10,15,15,2,11,10,10,14,5,18,1,19,12,2,18,3,8,1,14,2,4,17,217
2,5,10,18,2,15,3,18,13,15,15,5,20,11,7,19,10,4,15,16,10,3,9,7,13,11,6,7,2,1,276
4,9,19,13,2,19,1,13,16,3,18,19,2,20,10,16,10,1,15,8,11,11,5,14,9,17,12,20,1,17,300
3,7,18,11,13,1,16,18,15,18,1,7,12,6,15,15,13,15,13,11,15,10,5,12,7,14,18,11,18,8,295
6,10,6,20,14,1,12,19,3,3,19,13,4,13,17,12,19,17,19,4,12,19,6,10,13,17,14,4,6,19,254
8,1,13,3,5,17,14,15,7,1,3,4,14,1,5,6,14,9,9,19,5,9,1,9,17,8,19,14,2,4,226
18,4,3,6,9,15,4,13,7,18,16,13,17,2,10,5,10,15,12,10,1,8,12,19,6,18,17,3,9,5,217
14,8,10,12,13,7,3,13,9,14,3,18,3,17,6,12,14,17,14,13,4,10,11,17,20,17,8,8,20,8,277
16,12,9,16,9,20,6,8,16,6,6,7,8,11,10,18,8,19,6,15,11,5,18,20,14,6,7,12,20,6,298
6,8,3,6,3,6,13,6,9,8,5,7,16,9,10,9,10,4,1,14,6,13,9,11,12,11,18,8,10,5,206
4,11,19,8,16,12,5,6,20,13,14,20,14,12,5,14,11,3,2,19,20,2,3,12,6,13,9,7,8,1,228
6,3,13,15,19,13,19,13,3,16,14,5,2,6,11,4,18,3,2,9,12,7,9,13,18,9,12,8,3,18,250
7,19,1,16,13,7,7,1,18,1,9,11,20,7,5,15,1,17,6,10,18,5,13,14,10,10,4,11,20,1,218
17,4,17,14,11,18,14,14,1,7,9,4,1,20,7,16,7,4,20,9,9,1,3,2,14,10,4,11,10,13,256
15,17,7,13,1,3,9,2,13,18,12,15,1,4,4,20,14,9,2,7,11,5,5,20,8,7,9,18,13,2,276
2,3,5,3,14,18,20,10,5,19,11,3,13,17,9,4,6,17,17,1,14,11,12,11,10,3,4,5,20,1,253
2,17,13,11,12,12,14,15,15,18,13,4,17,14,15,8,5,12,9,13,12,10,2,8,18,13,9,16,12,3,253
9,16,9,1,17,3,13,3,15,7,15,10,4,1,14,3,1,13,9,8,12,15,13,1,4,2,8,15,17,19,253
8,15,9,4,13,20,12,10,16,9,20,13,1,9,8,17,6,8,9,9,18,2,16,19,6,6,3,10,15,1,207
13,6,3,15,14,17,5,2,6,7,12,14,5,4,5,10,7,13,1,8,5,6,9,9,18,14,7,12,9,16,212
11,7,2,14,7,2,19,2,9,18,7,3,1,20,5,12,17,1,10,16,19,14,1,2,5,8,2,17,9,16,194
1,13,7,6,3,7,4,8,19,15,16,7,10,17,11,10,8,20,17,6,10,14,16,10,1,12,10,7,20,2,269
5,20,19,19,19,19,11,15,1,2,2,10,3,11,16,18,5,2,18,13,2,13,19,7,20,14,18,11,12,4,291
12,16,7,7,7,3,13,12,4,8,4,1,6,6,17,16,3,16,12,12,2,9,2,3,3,15,5,15,10,4,207
14,4,14,8,4,4,4,5,1,16,7,5,15,12,3,14,15,5,1,8,20,7,6,1,9,1,2,6,12,16,206
4,7,4,2,14,4,7,12,16,8,11,13,8,1,8,3,8,5,20,19,1,12,12,20,19,1,14,12,18,17,262
20,15,20,15,6,6,19,2,2,16,20,19,6,15,14,2,2,6,3,8,3,16,18,18,11,4,3,14,17,15,292
15,9,3,15,17,9,10,11,9,10,15,4,14,2,10,7,8,13,7,16,7,8,20,19,13,6,8,18,13,9,282
16,17,19,13,13,15,15,16,9,5,6,19,8,6,1,6,7,18,6,9,18,1,16,1,11,20,4,20,15,18,294
20,7,11,6,8,16,13,13,3,10,12,12,15,2,7,1,13,2,10,11,15,20,13,14,1,9,18,12,3,18,234
10,19,6,3,6,9,16,14,10,14,12,6,3,14,13,16,6,4,10,10,20,9,20,20,9,16,14,15,13,5,309
8,5,16,17,17,5,13,2,2,4,2,19,16,14,8,5,12,4,14,4,6,20,12,9,15,13,18,13,14,18,272
6,2,11,9,13,14,11,6,11,3,3,3,2,10,13,2,9,10,7,10,5,9,7,17,19,2,4,13,3,7,191
4,9,9,19,1,10,4,15,2,15,13,18,1,10,6,11,13,4,7,18,17,7,1,14,5,1,18,9,12,13,230
17,17,9,12,9,20,5,2,1,19,20,15,12,13,12,20,19,12,6,10,11,10,11,20,6,16,3,9,8,4,294
17,16,3,3,4,10,17,9,2,4,6,5,6,2,5,17,9,4,20,12,9,1,13,18,18,9,11,17,16,12,203
17,14,12,19,15,3,10,18,9,17,3,15,1,1,11,19,11,12,3,1,4,15,1,13,5,3,7,15,15,8,238
6,13,6,5,8,13,17,4,16,4,19,14,14,10,16,1,1,7,7,1,1,4,18,7,13,13,19,16,2,13,262
20,3,12,1,20,16,11,4,4,14,7,9,17,16,18,10,3,9,9,2,19,15,6,11,20,19,17,20,19,19,343
12,16,5,6,3,15,16,14,18,13,11,9,6,2,1,6,16,15,2,2,9,10,2,12,10,13,16,2,3,8,226
15,1,1,17,4,16,14,4,7,1,3,20,10,7,19,3,17,9,17,4,10,14,18,16,19,9,15,9,14,4,253
7,16,18,14,4,11,5,3,8,17,6,14,6,4,8,1,8,19,8,11,20,3,12,11,2,7,11,4,11,19,237
15,19,13,4,11,7,9,17,16,7,20,6,15,2,11,10,12,11,17,7,13,20,17,5,2,3,11,7,16,19,261
12,4,19,17,14,13,15,2,3,6,16,15,15,9,19,16,11,17,6,15,10,7,3,1,19,5,9,16,7,10,268
11,8,7,20,16,13,19,20,15,20,16,5,9,16,12,17,4,16,18,17,2,8,4,18,16,3,2,18,11,9,292
2,20,19,4,1,5,20,7,6,18,7,16,10,9,9,6,4,16,5,14,10,3,12,19,17,1,7,8,2,14,250
3,5,6,4,2,14,14,9,18,6,1,2,10,15,6,12,5,3,18,13,1,20,5,13,17,17,20,17,12,5,219
5,11,10,14,14,9,19,4,9,15,18,16,12,6,11,16,17,6,19,10,3,1,18,2,4,14,11,2,6,13,261
16,2,2,5,11,11,4,12,1,20,12,16,19,2,1,20,14,7,15,2,19,19,7,13,7,10,14,6,9,7,174
4,1,7,8,4,20,2,3,7,5,14,19,6,17,14,14,10,18,20,11,5,3,2,2,9,12,6,14,2,18,202
6,4,6,4,3,2,5,2,16,17,2,8,19,3,7,8,6,18,12,4,5,13,15,3,18,4,17,5,3,15,195
12,3,3,6,16,19,10,3,1,3,17,11,17,14,3,15,6,13,14,13,19,5,17,5,7,7,4,10,16,10,236
1,6,16,15,11,1,3,16,5,8,7,7,4,1,11,9,14,11,2,9,6,17,20,13,18,7,12,6,10,16,246
3,19,1,20,14,19,11,7,9,16,18,13,6,12,14,13,19,2,12,16,20,10,20,3,18,10,2,16,9,3,291
17,17,19,2,9,16,3,2,14,12,15,7,16,11,17,5,3,12,11,16,7,10,10,20,2,19,16,12,20,4,267
4,1,5,4,7,19,17,2,17,19,11,12,15,15,17,20,18,4,5,10,10,1,15,15,11,3,2,3,1,13,242
6,15,15,4,13,5,19,9,2,6,11,8,14,5,20,17,6,16,10,3,3,1,19,7,8,19,1,15,2,19,213
5,9,1,7,18,16,11,5,5,3,6,16,15,1,5,7,5,11,16,3,10,1,17,12,15,20,5,7,6,17,252
15,2,3,14,1,11,7,16,20,20,2,7,8,7,20,11,4,1,19,15,6,6,12,14,19,4,20,5,13,8,249
12,4,16,7,1,15,6,18,12,11,20,4,13,11,20,2,8,6,3,6,15,20,3,17,1,8,4,1,14,1,201
4,7,7,1,19,10,19,15,7,5,19,2,19,1,13,13,15,6,18,17,13,14,1,19,6,16,19,4,4,13,260
8,12,5,9,1,8,19,16,2,18,20,17,2,6,3,6,1,3,1,12,3,11,10,10,3,2,8,16,12,1,231
15,12,1,8,9,19,10,11,6,12,8,15,14,4,14,11,10,12,8,11,12,1,3,4,10,14,18,6,13,4,247
2,18,4,3,12,9,8,10,4,20,4,4,13,13,7,17,19,14,5,11,6,7,8,7,15,8,3,3,20,11,237
20,9,18,11,12,16,4,1,4,8,11,5,10,4,11,8,3,10,19,15,15,2,12,12,20,15,4,14,7,20,256
16,4,18,13,7,9,3,2,16,13,3,10,2,15,7,13,15,15,2,2,6,1,14,6,4,19,7,20,10,12,247
12,1,19,2,7,3,7,20,8,18,17,14,17,19,11,20,19,11,16,14,10,20,2,12,9,12,19,15,12,18,340
2,3,18,8,6,12,10,15,19,4,14,1,14,14,6,19,11,8,2,1,10,15,13,6,1,17,10,4,3,12,232
1,7,17,16,17,5,15,15,20,3,18,3,18,16,13,4,1,9,4,17,2,16,11,4,6,3,12,4,5,4,206
7,11,4,2,1,7,15,15,10,5,17,14,2,18,7,19,5,8,3,10,9,16,12,6,18,7,17,4,12,18,249
17,2,5,1,1,14,7,3,18,10,4,7,14,6,19,18,4,5,2,15,3,18,2,20,19,12,10,10,8,14,175
6,19,3,3,20,18,9,15,9,17,15,10,12,18,3,6,8,10,10,3,16,12,11,3,7,13,20,19,15,16,292
9,5,7,6,5,9,8,9,8,9,9,7,8,5,9,10,5,10,9,7,9,10,9,5,10,7,5,7,7,6,-1
